72234.0
80239.0
9854.0
74649.0
61593.0
52252.0
83162.0
7806.0
30363.0
84141.0
41391.0
39622.0
84079.0
69381.0
85119.0
74732.0
7303.0
67831.0
8789.0
70265.0
84757.0
73593.0
20208.0
57170.0
65009.0
60433.0
64965.0
8669.0
84767.0
70208.0
55241.0
66475.0
81061.0
74717.0
9827.0
78337.0
56324.0
72078.0
9215.0
71036.0
70159.0
40783.0
68545.0
11097.0
46832.0
68761.0
55057.0
61466.0
39257.0
84152.0
48810.0
60161.0
58777.0
53252.0
69771.0
1028.0
84967.0
69390.0
59189.0
84789.0
56081.0
82308.0
81500.0
69506.0
41388.0
13751.0
22972.0
80642.0
74858.0
81527.0
73242.0
57068.0
74535.0
52927.0
64454.0
68657.0
69683.0
67292.0
65858.0
61692.0
9942.0
18245.0
72879.0
42409.0
56354.0
63718.0
65605.0
40700.0
84335.0
9834.0
74374.0
74440.0
72151.0
65324.0
80660.0
12334.0
7313.0
52202.0
30228.0
70078.0
65997.0
58137.0
58806.0
48254.0
62155.0
75156.0
82795.0
62550.0
39435.0
56501.0
84316.0
75724.0
71490.0
69078.0
65598.0
69176.0
69912.0
38722.0
68350.0
84811.0
60243.0
54777.0
58256.0
70615.0
71059.0
24255.0
83015.0
62678.0
66531.0
66171.0
70681.0
11898.0
30338.0
48325.0
52947.0
63981.0
18036.0
56158.0
39178.0
11055.0
69735.0
8589.0
37049.0
84809.0
52550.0
83006.0
67184.0
7292.0
11653.0
11135.0
69561.0
14731.0
25393.0
9009.0
53037.0
48263.0
55222.0
82291.0
59527.0
65072.0
66827.0
12640.0
56062.0
83597.0
74281.0
52963.0
9773.0
70464.0
68283.0
78968.0
83039.0
66301.0
65700.0
65325.0
20418.0
44232.0
56086.0
68726.0
84567.0
66689.0
23594.0
83142.0
11229.0
66087.0
68058.0
84796.0
56412.0
84352.0
56094.0
64237.0
67162.0
84272.0
67276.0
65292.0
58489.0
58375.0
30278.0
6535.0
82127.0
68054.0
56291.0
65343.0
67561.0
52238.0
53387.0
19103.0
52772.0
82429.0
73057.0
24779.0
72318.0
30321.0
63449.0
70238.0
6242.0
41050.0
53153.0
29594.0
82631.0
48841.0
17781.0
56053.0
58864.0
56318.0
67043.0
56089.0
63448.0
69334.0
18186.0
61207.0
39614.0
82656.0
55444.0
81851.0
52500.0
62592.0
72185.0
72174.0
66107.0
71614.0
82082.0
11950.0
38948.0
83018.0
78286.0
83272.0
48502.0
58423.0
52909.0
74517.0
72321.0
72704.0
18196.0
65112.0
67969.0
80975.0
83773.0
29687.0
55058.0
84778.0
83115.0
60717.0
83295.0
84281.0
82088.0
67169.0
56419.0
56226.0
7735.0
40498.0
77353.0
76259.0
29659.0
80573.0
18050.0
74084.0
83380.0
49075.0
78917.0
69653.0
52999.0
39315.0
41427.0
83044.0
18205.0
82593.0
71413.0
72964.0
65922.0
72867.0
41516.0
66492.0
67307.0
82783.0
70443.0
82863.0
62657.0
56084.0
69717.0
68011.0
39504.0
74568.0
36719.0
54153.0
9176.0
66051.0
83423.0
56358.0
69867.0
74616.0
64416.0
60314.0
48900.0
20939.0
67331.0
61800.0
54411.0
54071.0
68784.0
42309.0
10397.0
64432.0
81542.0
84526.0
22969.0
73993.0
52156.0
76333.0
18251.0
72464.0
68846.0
54254.0
82540.0
37452.0
67587.0
11926.0
69420.0
83173.0
63231.0
63399.0
41040.0
84943.0
54920.0
40450.0
83949.0
67920.0
67616.0
54633.0
82717.0
82475.0
52365.0
70101.0
84828.0
61924.0
84930.0
28065.0
65891.0
69401.0
58403.0
40115.0
68983.0
11193.0
49337.0
56252.0
20212.0
73487.0
58613.0
48239.0
53108.0
8702.0
70882.0
49312.0
66493.0
65714.0
81834.0
22387.0
77883.0
20434.0
69726.0
56436.0
49385.0
66883.0
68532.0
74487.0
80636.0
10863.0
73748.0
29215.0
73912.0
52295.0
66098.0
11386.0
65936.0
85123.0
60496.0
70025.0
29183.0
49354.0
40200.0
53570.0
57258.0
67352.0
22119.0
60661.0
7338.0
56067.0
25303.0
69317.0
82663.0
53698.0
52388.0
80860.0
11431.0
62045.0
63125.0
62691.0
56298.0
61439.0
71102.0
72008.0
40539.0
68999.0
62171.0
2147.0
80142.0
18074.0
79070.0
53611.0
57108.0
66704.0
13920.0
73804.0
62058.0
28004.0
53195.0
52317.0
82046.0
56286.0
68124.0
73947.0
74925.0
70020.0
67336.0
82867.0
73553.0
11345.0
24487.0
84145.0
59911.0
14169.0
56287.0
48797.0
52711.0
55948.0
70606.0
73227.0
59011.0
66733.0
73708.0
75074.0
74002.0
82123.0
82041.0
62730.0
56104.0
49103.0
83347.0
79619.0
48944.0
42060.0
74691.0
66884.0
77398.0
48295.0
80943.0
41711.0
69555.0
81571.0
68890.0
58470.0
67035.0
52707.0
82702.0
85149.0
83313.0
52957.0
40443.0
30204.0
67601.0
75090.0
74758.0
19284.0
13912.0
54965.0
23056.0
58464.0
18014.0
39034.0
69363.0
81032.0
73434.0
43094.0
44806.0
53257.0
60060.0
19557.0
73332.0
39439.0
84987.0
84354.0
54624.0
81566.0
67186.0
68612.0
9783.0
40346.0
9066.0
52165.0
67491.0
84106.0
62528.0
49093.0
81316.0
85084.0
12560.0
48720.0
49283.0
52328.0
79093.0
74577.0
65415.0
7314.0
61732.0
62991.0
49372.0
65252.0
65132.0
40903.0
71497.0
53185.0
7717.0
40888.0
11169.0
52482.0
66200.0
53324.0
70699.0
4703.0
40028.0
56309.0
68818.0
41049.0
65945.0
68842.0
69891.0
73724.0
83613.0
74561.0
39298.0
41063.0
67851.0
38958.0
83174.0
40702.0
40872.0
74791.0
68642.0
82439.0
68410.0
65433.0
69043.0
57133.0
7733.0
31376.0
16261.0
52728.0
65949.0
14265.0
65558.0
78665.0
7293.0
41204.0
56462.0
11650.0
60681.0
41416.0
69648.0
66822.0
18054.0
23813.0
40759.0
72367.0
7264.0
67185.0
9873.0
75008.0
68965.0
55431.0
69500.0
39587.0
14402.0
63253.0
84120.0
68615.0
80030.0
8615.0
60697.0
68775.0
83484.0
18460.0
82750.0
58294.0
56244.0
12586.0
40399.0
62598.0
70482.0
65186.0
62969.0
83844.0
62048.0
48601.0
74743.0
73835.0
20243.0
52146.0
8891.0
80681.0
57064.0
52327.0
65915.0
83078.0
61754.0
64633.0
53693.0
20124.0
71795.0
84042.0
78504.0
65866.0
74095.0
59526.0
82814.0
74127.0
72166.0
58707.0
66317.0
48464.0
84771.0
75038.0
56806.0
47736.0
80990.0
72668.0
73866.0
68756.0
56719.0
12632.0
58253.0
48010.0
71205.0
84239.0
56196.0
7268.0
69396.0
27985.0
57092.0
82448.0
84458.0
75813.0
4827.0
13241.0
70612.0
12014.0
60954.0
59449.0
52323.0
61469.0
54815.0
61314.0
73885.0
58859.0
74857.0
53065.0
81466.0
66918.0
82521.0
10900.0
65454.0
25510.0
4997.0
56468.0
60472.0
69085.0
65887.0
59132.0
83208.0
55054.0
19976.0
52214.0
68574.0
57251.0
58502.0
81823.0
11661.0
82824.0
42878.0
7290.0
68311.0
80951.0
15253.0
77720.0
36444.0
75866.0
18189.0
49088.0
68813.0
75330.0
74350.0
62018.0
58469.0
83200.0
13724.0
52245.0
9832.0
39017.0
64462.0
83984.0
66633.0
8654.0
62421.0
54504.0
70237.0
19158.0
8593.0
54978.0
39947.0
68969.0
74448.0
29644.0
56294.0
81742.0
44751.0
11573.0
68448.0
84144.0
56178.0
56404.0
68836.0
83480.0
56304.0
20926.0
64503.0
21416.0
61660.0
11070.0
66773.0
71958.0
11927.0
72722.0
69392.0
81740.0
19159.0
77100.0
56245.0
11363.0
66138.0
53100.0
7267.0
65720.0
68200.0
41051.0
58439.0
62383.0
61420.0
48778.0
70217.0
81059.0
85139.0
84989.0
54971.0
70456.0
60220.0
70531.0
18249.0
41316.0
49492.0
71398.0
65176.0
73059.0
57153.0
38794.0
17713.0
81800.0
52962.0
84350.0
67368.0
26053.0
48367.0
49163.0
62557.0
64869.0
7348.0
15133.0
82514.0
82833.0
77754.0
70435.0
68072.0
18082.0
56818.0
62983.0
56249.0
72944.0
54628.0
58510.0
68740.0
67234.0
7217.0
56272.0
61659.0
11801.0
9890.0
65545.0
20814.0
53169.0
62228.0
20867.0
73421.0
53048.0
66873.0
40755.0
28982.0
40344.0
11519.0
61354.0
69663.0
68074.0
66082.0
73995.0
52324.0
83199.0
59987.0
69266.0
75677.0
40490.0
53855.0
43882.0
65763.0
71780.0
80624.0
69628.0
60231.0
69310.0
45040.0
4319.0
66886.0
72819.0
72473.0
41068.0
82801.0
52698.0
48482.0
72435.0
40303.0
66790.0
19303.0
68970.0
11565.0
77110.0
9838.0
81568.0
52603.0
60839.0
66333.0
53091.0
63091.0
60853.0
72110.0
83072.0
48373.0
44650.0
52319.0
77208.0
18180.0
66764.0
66518.0
83073.0
68716.0
73968.0
36565.0
56536.0
65336.0
68749.0
48422.0
61419.0
14285.0
69065.0
56241.0
52606.0
70224.0
59731.0
41106.0
62363.0
80166.0
49353.0
8128.0
55082.0
67108.0
52232.0
40336.0
61175.0
71072.0
58180.0
80668.0
74076.0
49684.0
62207.0
81518.0
64591.0
63994.0
71186.0
9945.0
62250.0
61340.0
69495.0
11107.0
74500.0
10344.0
73065.0
74908.0
53200.0
56190.0
67931.0
69514.0
71051.0
67036.0
79909.0
72404.0
82941.0
56078.0
61246.0
56069.0
81049.0
81055.0
65304.0
56322.0
10860.0
68403.0
36792.0
67615.0
61362.0
84104.0
8715.0
74711.0
83534.0
55874.0
83301.0
73048.0
69471.0
53063.0
12856.0
64993.0
57112.0
65275.0
84800.0
73341.0
11797.0
83137.0
82782.0
22665.0
61612.0
81410.0
82547.0
11682.0
38992.0
80197.0
83471.0
70446.0
56722.0
40894.0
76952.0
18247.0
75912.0
73135.0
80225.0
56345.0
68647.0
4660.0
84876.0
82456.0
20411.0
41113.0
18240.0
11824.0
83257.0
54422.0
83556.0
60742.0
70318.0
22913.0
76129.0
58768.0
83995.0
82678.0
39594.0
60881.0
82580.0
83520.0
39573.0
83781.0
12590.0
74975.0
61650.0
53229.0
65907.0
56188.0
49853.0
83445.0
100046.0
14677.0
19553.0
68736.0
85095.0
61785.0
56240.0
43231.0
73905.0
9385.0
12533.0
65026.0
74509.0
9739.0
85052.0
49028.0
82524.0
71403.0
82339.0
68420.0
52473.0
74834.0
49603.0
39741.0
20203.0
84983.0
18038.0
78770.0
49084.0
52553.0
11790.0
41777.0
83817.0
67216.0
40873.0
25571.0
988.0
55641.0
56200.0
63458.0
15761.0
70186.0
21566.0
67591.0
81592.0
53129.0
41440.0
20413.0
72582.0
56077.0
14749.0
53584.0
68717.0
83601.0
53002.0
13230.0
64967.0
58162.0
74704.0
53207.0
69679.0
52470.0
65511.0
57280.0
20528.0
56145.0
80189.0
75454.0
60432.0
9028.0
49098.0
52582.0
20669.0
63728.0
55508.0
29551.0
75182.0
54110.0
65762.0
20608.0
54277.0
81173.0
67197.0
61231.0
65376.0
11712.0
80630.0
39277.0
65181.0
44527.0
65612.0
41570.0
38776.0
48650.0
28604.0
52817.0
29804.0
40939.0
61277.0
84463.0
84618.0
76159.0
55472.0
67935.0
50036.0
81190.0
66952.0
9718.0
82625.0
66831.0
62068.0
42027.0
14347.0
63553.0
48329.0
7317.0
81147.0
24966.0
67195.0
23850.0
64000.0
78193.0
64900.0
73216.0
67098.0
83532.0
39327.0
84362.0
55315.0
54967.0
40869.0
67545.0
84941.0
8489.0
7166.0
66710.0
73845.0
9015.0
82670.0
9666.0
82115.0
65510.0
67809.0
83397.0
54307.0
82392.0
78270.0
83392.0
42680.0
60172.0
18163.0
12389.0
73985.0
12427.0
52374.0
84306.0
68777.0
74522.0
9644.0
18068.0
48512.0
65327.0
63644.0
61577.0
67146.0
63089.0
81546.0
84506.0
70691.0
73808.0
83373.0
79072.0
67340.0
61473.0
53172.0
65287.0
84974.0
66096.0
14352.0
85118.0
56072.0
80571.0
11665.0
52453.0
49117.0
100049.0
7333.0
73545.0
84252.0
71025.0
82196.0
81004.0
72765.0
69834.0
38815.0
74861.0
9850.0
75350.0
73787.0
48475.0
81122.0
74694.0
60511.0
62397.0
76959.0
40388.0
61919.0
53330.0
9190.0
82807.0
68504.0
78290.0
56262.0
58593.0
49351.0
75754.0
58142.0
78334.0
82752.0
58756.0
43460.0
68098.0
56741.0
53236.0
71092.0
40793.0
82658.0
17256.0
67357.0
29863.0
68727.0
48401.0
69232.0
38872.0
65116.0
40034.0
11541.0
56270.0
73704.0
60838.0
18188.0
54116.0
58810.0
74963.0
62151.0
62582.0
82813.0
85017.0
62316.0
39175.0
83989.0
82591.0
11575.0
70143.0
84232.0
41518.0
84327.0
67274.0
60467.0
72789.0
65477.0
81441.0
82493.0
54123.0
84549.0
83960.0
19038.0
53083.0
68833.0
41565.0
83209.0
55947.0
9665.0
18726.0
41349.0
81561.0
10858.0
82355.0
75327.0
84175.0
53264.0
70591.0
65160.0
83698.0
52692.0
84675.0
52805.0
69654.0
80987.0
69015.0
74414.0
80767.0
52943.0
62404.0
66067.0
78526.0
66539.0
62447.0
78812.0
82173.0
56112.0
83279.0
63828.0
42013.0
11733.0
70713.0
58319.0
68715.0
41026.0
58535.0
67070.0
38871.0
81632.0
19139.0
41131.0
65055.0
52590.0
74402.0
70064.0
9199.0
78498.0
72892.0
56074.0
82605.0
56247.0
53331.0
57141.0
58161.0
9686.0
80625.0
65330.0
49268.0
11852.0
38903.0
69379.0
83947.0
65329.0
18067.0
20785.0
84651.0
11050.0
82534.0
60715.0
61361.0
45328.0
69056.0
61699.0
7306.0
60206.0
40511.0
63632.0
72554.0
82552.0
65441.0
52648.0
84712.0
61972.0
56554.0
62656.0
100050.0
18204.0
60822.0
25974.0
74575.0
67211.0
74995.0
72787.0
19100.0
11264.0
81713.0
48393.0
66829.0
63060.0
60213.0
81411.0
11001.0
15459.0
62076.0
8652.0
62138.0
59493.0
67882.0
29154.0
82248.0
69470.0
9906.0
80245.0
84682.0
72697.0
71443.0
83726.0
69207.0
66869.0
17885.0
18235.0
18774.0
38895.0
7279.0
66970.0
73789.0
69132.0
65323.0
7301.0
83032.0
66024.0
48795.0
44240.0
49096.0
56223.0
40906.0
78173.0
67044.0
74915.0
81430.0
84769.0
71375.0
63309.0
74754.0
39264.0
71218.0
74294.0
56222.0
25028.0
75822.0
47971.0
52746.0
52414.0
11143.0
80687.0
73491.0
84067.0
74429.0
80200.0
60195.0
9465.0
11471.0
67838.0
42146.0
56102.0
72061.0
83092.0
52700.0
49196.0
71344.0
56377.0
63099.0
56506.0
83350.0
48371.0
85028.0
68577.0
60658.0
20133.0
70096.0
48242.0
63330.0
61896.0
68643.0
11466.0
59828.0
69435.0
75352.0
18056.0
54808.0
83079.0
66653.0
73946.0
55398.0
65718.0
16828.0
73853.0
65984.0
69755.0
67690.0
21033.0
49801.0
65959.0
29403.0
56355.0
21199.0
73776.0
72986.0
11857.0
70379.0
52742.0
65315.0
83866.0
65332.0
18243.0
11221.0
39547.0
68763.0
56533.0
84862.0
64754.0
52507.0
56260.0
54579.0
1152.0
84679.0
75087.0
43989.0
62384.0
70228.0
52239.0
82847.0
49568.0
13958.0
60247.0
74890.0
39185.0
65731.0
62795.0
75310.0
81515.0
56204.0
82153.0
58543.0
11604.0
48212.0
53223.0
18614.0
48945.0
13744.0
41102.0
66289.0
11844.0
82526.0
74099.0
84922.0
57097.0
56105.0
69017.0
67050.0
68845.0
65069.0
15390.0
19393.0
71933.0
10378.0
5437.0
28161.0
64606.0
56085.0
18083.0
18034.0
84189.0
70712.0
64434.0
41198.0
11734.0
67741.0
40984.0
70613.0
61595.0
69333.0
52604.0
20667.0
60926.0
82150.0
12526.0
43091.0
18241.0
61244.0
18199.0
65077.0
48336.0
54590.0
62632.0
74571.0
82828.0
7300.0
72392.0
39301.0
62088.0
74317.0
83422.0
64315.0
7803.0
53663.0
79206.0
73321.0
78695.0
48506.0
70526.0
49072.0
85080.0
13007.0
62455.0
62905.0
25409.0
56892.0
11779.0
67484.0
69416.0
82523.0
65517.0
59758.0
65880.0
44374.0
80217.0
82505.0
72043.0
52747.0
21217.0
69567.0
54042.0
25177.0
85150.0
38901.0
68547.0
29137.0
40027.0
11270.0
49286.0
52760.0
40861.0
70299.0
10529.0
83505.0
60826.0
41679.0
41770.0
69520.0
75906.0
9268.0
81035.0
65924.0
67668.0
10928.0
52560.0
82473.0
49087.0
55986.0
40860.0
75653.0
11840.0
54294.0
68912.0
58468.0
56326.0
48531.0
48214.0
66235.0
8737.0
19407.0
84376.0
82511.0
65125.0
8452.0
11155.0
12518.0
40036.0
54831.0
55634.0
83997.0
84535.0
9404.0
58726.0
82116.0
56143.0
49299.0
80952.0
64978.0
40937.0
84151.0
75789.0
20495.0
9716.0
66692.0
49658.0
54502.0
70129.0
30250.0
59786.0
56131.0
66050.0
69425.0
40971.0
49097.0
54179.0
14640.0
82632.0
8570.0
68119.0
49063.0
68433.0
69875.0
67191.0
19152.0
83819.0
73799.0
8815.0
74645.0
41653.0
3007.0
65713.0
59419.0
49055.0
74798.0
39421.0
64375.0
38930.0
73340.0
75336.0
38688.0
52815.0
70418.0
73133.0
74761.0
18011.0
65202.0
82471.0
15101.0
69380.0
83930.0
7308.0
40776.0
83091.0
53385.0
83180.0
18086.0
19346.0
21008.0
75843.0
18013.0
84899.0
84455.0
14150.0
28070.0
72028.0
19146.0
77874.0
61854.0
59451.0
56496.0
65068.0
17782.0
10634.0
7384.0
56352.0
49616.0
59838.0
52802.0
80232.0
72070.0
39274.0
20928.0
52223.0
67939.0
11176.0
78645.0
8640.0
81979.0
69754.0
60574.0
10218.0
65929.0
41752.0
69080.0
18202.0
74677.0
75050.0
82167.0
8623.0
40446.0
56055.0
65381.0
78279.0
83956.0
73865.0
44416.0
55478.0
17969.0
22888.0
84581.0
40801.0
55574.0
82476.0
62459.0
81010.0
8621.0
48794.0
9772.0
18033.0
80764.0
84632.0
74742.0
48534.0
54803.0
61315.0
37001.0
79034.0
53829.0
58791.0
67382.0
65326.0
52163.0
69833.0
81599.0
79783.0
34157.0
68296.0
75035.0
84705.0
69900.0
44372.0
41061.0
65407.0
64058.0
74480.0
56120.0
68566.0
62811.0
14340.0
66028.0
82695.0
11742.0
67283.0
69948.0
72751.0
29237.0
39241.0
60201.0
29225.0
67464.0
72682.0
7260.0
64268.0
53107.0
70055.0
84912.0
83623.0
70322.0
56438.0
43722.0
56146.0
54164.0
54958.0
82564.0
84217.0
65288.0
40071.0
69060.0
76155.0
69403.0
56121.0
37143.0
84482.0
39921.0
72003.0
83709.0
58456.0
60824.0
59054.0
80691.0
54638.0
65798.0
70229.0
78825.0
67439.0
68765.0
14001.0
56080.0
68211.0
9645.0
68174.0
52224.0
80845.0
81155.0
38877.0
69370.0
4394.0
39636.0
42064.0
84357.0
83267.0
56369.0
60089.0
